-1.9245539 1.3657122
-1.5261691 1.6603956
-1.9426227 1.96305
-1.1779085 1.0945001
-1.1091189 1.3513029
-1.1911703 1.4895343
-1.1334966 1.7501231
-1.1507714 1.7285233
-1.6788688 1.2930607
-1.5220814 1.3357899
-1.6456478 1.9290998
-1.2351563 1.5426486
-1.5870434 1.071388
-1.1381047 1.3423969
-1.4376199 1.2551751
-1.1788452 1.8459148
-1.4633837 1.4546041
-1.1501975 1.2517353
-1.6981101 1.3101137
-1.5513035 1.0442697
-1.3809814 1.2709568
-1.7002897 1.5567075
-1.4787581 1.6241883
-1.7413955 1.7621096
-1.1934469 1.5677606
-1.4121356 1.8489571
-1.9226009 1.8270321
-1.4521197 1.6059316
-1.0915935 1.2074488
-1.9192775 1.2690152
-1.8058206 1.4452173
-1.8984002 1.0198697
-1.301889 1.3515975
-1.5566927 1.2794203
-1.4914057 1.829987
-1.204306 1.1927923
-1.9450963 1.020774
-1.2310177 1.9351889
-1.6257913 1.591802
-1.3573762 1.3957659
-1.8130498 1.5087116
-1.1521598 1.8705081
-1.4622693 1.7834285
-1.6011115 1.5492105
-1.1128858 1.4338458
-1.678776 1.8590442
-1.2206519 1.3810912
-1.3655808 1.2529453
-1.132584 1.7730962
-1.487396 1.4595448

-1.309235 -1.8925713
-1.1637217 -1.7025791
-1.1522293 -1.9407213
-1.1959162 -1.9903468
-1.328222 -1.9480487
-1.0558021 -1.9850591
-1.0053499 -1.7894775
-1.3712722 -1.1625631
-1.7443944 -1.997947
-1.9019656 -1.817994
-1.931099 -1.302463
-1.4037672 -1.5416696
-1.2211639 -1.373958
-1.5114768 -1.8374809
-1.8428745 -1.2013911
-1.085896 -1.567887
-1.1090559 -1.1599673
-1.2125185 -1.5306314
-1.1797397 -1.1915838
-1.6454313 -1.7815255
-1.7027543 -1.8807932
-1.7838254 -1.6212761
-1.7712831 -1.7042595
-1.6682894 -1.9050151
-1.7393366 -1.799676
-1.5736638 -1.1975999
-1.8202854 -1.1192597
-1.0042629 -1.3554587
-1.7487923 -1.3549865
-1.3153675 -1.7835232
-1.9267086 -1.5521284
-1.878041 -1.4044703
-1.2316524 -1.6324482
-1.435427 -1.3077995
-1.8735309 -1.6468585
-1.9663017 -1.4383513
-1.8490429 -1.9405838
-1.7955576 -1.4758129
-1.3300083 -1.7706305
-1.0948441 -1.1422956
-1.8007642 -1.3398894
-1.4075478 -1.8130647
-1.2828901 -1.458507
-1.0242058 -1.3321366
-1.4657447 -1.7891035
-1.883764 -1.6247948
-1.6061851 -1.1762601
-1.1665118 -1.5614314
-1.4286976 -1.8524883
-1.5269384 -1.8974327

1.356004 -1.2794212
1.4258478 1.162834
1.4167733 -1.2512832
1.7885116 1.9800142
1.4810282 -1.3615968
1.8570982 -1.6692332
1.2884935 -1.0224162
1.4944302 -1.9098009
1.1719729 -1.6885109
1.8585477 1.648622
1.9917961 1.6463796
1.8248124 -1.2025088
1.12391 -1.5928465
1.5048325 -1.6368291
1.2861079 -1.3711859
1.383207 1.0592474
1.0880815 1.4625753
1.8597538 1.5181412
1.2012649 -1.733918
1.6734046 1.0998015
1.6404641 -1.5553628
1.171531 -1.9859167
1.1489912 -1.8443717
1.9739478 1.2898699
1.5829089 1.3450748
1.2928066 -1.0462252
1.3772362 -1.7786123
1.4873879 1.6195904
1.4887639 1.6619484
1.4093813 -1.1368349
1.1994997 -1.712985
1.5380616 1.2192161
1.6405953 -1.0167375
1.7725067 -1.9286904
1.3338084 -1.5309639
1.5390537 1.0921216
1.4171106 -1.607827
1.983624 -1.9937327
1.9851975 -1.761277
1.3854779 -1.3718477
1.4399202 1.5720778
1.4887073 1.2022762
1.3778399 -1.0345545
1.8142207 -1.7256626
1.1521782 1.9442775
1.0900602 -1.3688085
1.5565956 1.4186883
1.2860657 1.0219365
1.0665853 -1.7012945
1.3266212 -1.622181
1.5748012 1.1914256
1.5487064 1.6138009
1.6275206 -1.6259773
1.5626296 1.5650076
1.951079 -1.1504914
1.9155636 1.9132129
1.8863454 -1.8136588
1.6607103 -1.901474
1.5331974 1.75158
1.9029697 -1.8034886
1.6174413 1.6654453
1.098924 -1.3699943
1.3779085 -1.2512269
1.2510806 1.6590227
1.541196 1.6553782
1.992186 -1.7306846
1.9595599 -1.693238
1.5969121 1.0968821
1.9630526 1.0648595
1.0177833 1.292201
1.0746255 1.319367
1.5189533 1.2612833
1.1913357 1.6187954
1.1661433 -1.1476786
1.8684555 1.3147892
1.5548971 1.0313154
1.9302633 -1.7270257
1.0784248 1.3549643
1.3391346 -1.0682716
1.8288726 1.4240607
1.9017466 -1.663177
1.2062207 1.010321
1.6787561 1.4137951
1.3280518 -1.4393255
1.3708855 -1.6552155
1.9981264 1.0787882
1.3851967 -1.3411914
1.7733052 1.1029035
1.9160953 1.0989496
1.9100045 1.8863962
1.0874923 1.8698307
1.8297871 1.5298316
1.8420944 -1.1312212
1.8408233 1.9116104
1.1014056 1.1361336
1.1949455 1.754183
1.3786404 -1.182419
1.251983 -1.2550738
1.2736943 1.208648
1.9971148 1.5888665

