-1.862215 -1.4770597
1.2419612 -1.4844974
1.3718582 -1.8218828
-1.8102279 -1.8553064
-1.1507347 -1.9016247
-1.9161649 -1.6371596
1.5550523 -1.4173757
1.515284 -1.7320865
1.0867448 -1.9597633
-1.4069595 -1.754782
-1.6211314 -1.9257647
1.5011213 -1.7643127
-1.9019579 -1.5969839
-1.9748589 -1.7863837
-1.2393757 -1.4017793
1.4165688 -1.1652853
-1.944801 -1.4713893
-1.1790142 -1.1568569
-1.1565853 -1.1993012
-1.6741878 -1.1447254
1.7202319 -1.668373
-1.0005748 -1.2414302
1.0417829 -1.6533259
-1.5528167 -1.3207453
-1.5964426 -1.151641
-1.2495091 -1.923718
-1.17582 -1.5469248
1.3203157 -1.5114616
1.8484017 -1.9587942
-1.5884049 -1.9672855
-1.5593427 -1.8948503
-1.1715189 -1.2262512
1.890651 -1.9920748
-1.840952 -1.6965071
1.2596688 -1.8555132
-1.6168938 -1.6470754
1.113042 -1.0478436
1.1421256 -1.7562599
1.5641165 -1.9318208
1.2370969 -1.670073
-1.6429936 -1.4339185
-1.7638497 -1.6524899
1.2717354 -1.3408184
1.4913571 -1.5901576
1.141508 -1.8249418
-1.025092 -1.3675096
-1.5512834 -1.9277716
1.2414272 -1.7911254
-1.1582264 -1.3029375
1.501097 -1.778356
1.168809 -1.5776058
1.0465243 -1.7339717
1.5467916 -1.3443263
1.0371989 -1.7796528
-1.3279196 -1.2362729
1.2887125 -1.5802529
-1.7362434 -1.0727179
-1.9157354 -1.7250297
-1.3800166 -1.6640241
-1.3749534 -1.6273409
-1.8447303 -1.3121974
-1.7079381 -1.5377387
-1.5491531 -1.6450788
-1.674673 -1.8294172
1.2475808 -1.5906327
-1.4788969 -1.7190571
-1.2228005 -1.3103997
-1.7626599 -1.4147772
-1.1924509 -1.407896
1.6769242 -1.4839004
1.114471 -1.3263975
-1.1805885 -1.9962786
1.5844729 -1.9366809
-1.989711 -1.5327958
-1.5230227 -1.2614444
1.9896895 -1.7059499
-1.2699131 -1.823059
-1.7191682 -1.459522
-1.1163226 -1.7636536
1.4049869 -1.2142969
-1.8901219 -1.602736
-1.262733 -1.3255068
-1.6946448 -1.6543676
1.4369329 -1.9304758
1.8161168 -1.5528097
1.6254476 -1.5379337
1.0106506 -1.2084475
1.9664022 -1.5483762
1.9301015 -1.5316347
1.468822 -1.1445303
1.4167188 -1.1256751
1.8483032 -1.383307
1.8212652 -1.1427613
1.4664016 -1.0149478
1.8134049 -1.1432841
1.923818 -1.2546239
1.8938437 -1.3284826
1.959585 -1.294448
1.9542603 -1.1912221
1.9458656 -1.0617002

-1.0777527 1.7861553
1.7798141 1.8175861
1.139969 1.3842688
-1.3975587 1.8163849
1.6863645 1.6074965
1.9722887 1.2536411
1.8479233 1.4482437
1.909078 1.6520971
1.8644915 1.3163967
1.4804218 1.2936658
-1.3074785 1.7929604
1.8023673 1.339039
1.9842871 1.6643226
1.569342 1.6271193
1.9166172 1.502089
1.4798553 1.3876619
1.6558052 1.1129885
-1.1528127 1.6162171
1.285903 1.358704
-1.172578 1.6333464
1.7688776 1.2104214
1.8119677 1.5392647
1.8822236 1.2466679
1.6702123 1.6114796
1.211669 1.8394718
1.9139129 1.3522073
-1.0376123 1.9544319
1.5512348 1.5573831
1.0731857 1.0653375
-1.0601717 1.9927179
1.1160226 1.4707559
1.7952069 1.9361504
1.6785221 1.2962369
1.7109284 1.6983328
1.138432 1.6909345
1.6456164 1.6673375
1.5216936 1.4601297
1.854342 1.9367149
1.3834802 1.2640758
-1.260728 1.8998888
-1.3256215 1.604635
1.7754618 1.1440347
1.4467926 1.3694817
1.8903034 1.3150795
-1.4600344 1.7763326
1.8197299 1.0635134
1.0035142 1.2690374
1.5504112 1.1816609
-1.7294881 1.9863472
1.357613 1.7263048
-1.2331175 1.7275158
1.2236199 1.6475184
1.0505334 1.4976568
1.665449 1.9065119
-1.0371215 1.5062037
1.0288457 1.1228988
1.5304295 1.3010764
1.7166151 1.4662781
1.8094764 1.8546678
1.3958576 1.4566371
-1.0685742 1.4489411
1.6971056 1.816151
1.9270641 1.7483755
1.7577716 1.8132806
-1.4418814 1.5940857
-1.8121369 1.8892336
-1.6761907 1.7263081
-1.7263981 1.6921324
-1.5551205 1.6718016
-1.6519105 1.7723563
-1.6707815 1.7141176
-1.9630679 1.9676797
-1.1470745 1.3650521
-1.9265496 1.4138348
-1.3877331 1.2474282
-1.4472367 1.2362578
-1.871656 1.4816548
-1.7092725 1.2476661
-1.7362882 1.2584919
-1.7447554 1.2235359
-1.8702823 1.3490622
-1.4062752 1.4302498
-1.9499754 1.3706045
-1.6341486 1.2001288
-1.0778134 1.1819978
-1.5929483 1.5064647
-1.878815 1.3575155
-1.8805386 1.4284804
-1.7343053 1.3021376
-1.185834 1.173276
-1.5862421 1.0799363
-1.8271203 1.1447016
-1.7859796 1.2876161
-1.8121085 1.243745
-1.6507593 1.3324124
-1.3938376 1.628307
-1.6827748 1.0101783
-1.3454854 1.0040731
-1.2007321 1.0907214
-1.5992401 1.3140048

