1.0457085 1.713772
1.74925 1.7581499
1.0280496 1.2284085
1.4671124 1.5542437
1.6575792 1.6706645
1.6509604 1.6919109
1.3086389 1.8535789
1.019378 1.1405063
1.4281025 1.6541977
1.537606 1.9565221
1.379867 1.397577
1.1259756 1.9555
1.5660396 1.8088845
1.6895229 1.731523
1.3759018 1.5753001
1.2722552 1.4046452
1.0789322 1.1855296
1.5210596 1.447719
1.5316331 1.7008512
1.8258083 1.7260839
1.4783449 1.794599
1.0205641 1.7027929
1.7953268 1.9794009
1.8241912 1.6189151
1.6906555 1.8254886
1.6408826 1.8342285
1.0126595 1.0928901
1.690159 1.7166427
1.6214428 1.586141
1.6819559 1.6497964
1.8923372 1.8150628
1.6027237 1.0425005
1.2641032 1.1762704
1.934359 1.3088733
1.8538831 1.2572068
1.9471042 1.4148632
1.1264325 1.1128503
1.8309982 1.0835218
1.5943024 1.4238344
1.9340285 1.0756773
1.7098817 1.3604816
1.7806883 1.482393
1.3263276 1.0127524
1.1317663 1.0034932
1.9575838 1.4590318
1.6220844 1.1420068
1.9472647 1.2825363
1.6769333 1.1110477
1.8783472 1.5173304
1.8331411 1.057346

-1.8493423 -1.3658054
-1.8162656 -1.2329643
-1.5750532 -1.0733081
-1.988786 -1.2828401
-1.7176805 -1.5681834
-1.4444339 -1.0762589
-1.6634452 -1.2405022
-1.8847281 -1.646065
-1.5571988 -1.2513553
-1.5826613 -1.3396931
-1.6872593 -1.6282713
-1.504769 -1.0629284
-1.3667312 -1.1080376
-1.1252011 -1.0401418
-1.6008245 -1.346516
-1.2956748 -1.1580893
-1.8850427 -1.6106495
-1.6516924 -1.3390255
-1.5188112 -1.429758
-1.8219411 -1.2466627
-1.725574 -1.0713761
-1.3823416 -1.0478653
-1.8608423 -1.744868
-1.7847619 -1.7339518
-1.5088234 -1.4726411
-1.9269148 -1.4207546
-1.9819051 -1.9881268
-1.2214364 -1.1298157
-1.3309278 -1.8921672
-1.184673 -1.6965082
-1.4132004 -1.4399158
-1.2002292 -1.3983392
-1.581867 -1.7774673
-1.2467433 -1.8912493
-1.2228643 -1.928502
-1.8470376 -1.9124463
-1.0951911 -1.1480479
-1.2565539 -1.5206295
-1.3383456 -1.564775
-1.6481012 -1.8340343
-1.4916804 -1.7399096
-1.2491783 -1.7440735
-1.0524961 -1.913666
-1.5500445 -1.7341782
-1.1003174 -1.6521382
-1.2344102 -1.8989358
-1.0509174 -1.7840437
-1.0202541 -1.4956629
-1.0237058 -1.9311224
-1.1575931 -1.1686232

-1.4932649 1.5386367
-1.9762155 1.4372594
-1.9553066 1.8801924
-1.6486031 1.8862293
-1.69887 1.9033214
-1.569912 1.5064349
-1.9908587 1.9158759
-1.6961114 1.6790882
-1.9040544 1.712632
-1.950286 1.8299983
-1.9881113 1.952765
-1.8453875 1.808634
-1.9678575 1.6578668
-1.6803424 1.4517289
-1.9674256 1.5830498
-1.3196634 1.5888984
-1.3522291 1.7644904
-1.2465888 1.519461
-1.347454 1.5436844
-1.0841037 1.7878398
-1.2204038 1.7700096
-1.0556095 1.8995206
-1.5139667 1.7994746
-1.1471473 1.6875553
-1.3549523 1.9918251
-1.2507404 1.953642
-1.3830025 1.6745007
-1.1557432 1.7358644
-1.4167768 1.3190895
-1.8677918 1.1220882
-1.2011653 1.3231025
-1.607634 1.1553626
-1.42728 1.5249784
-1.8961364 1.170647
-1.5161952 1.2869653
-1.2665007 1.0917045
-1.7010335 1.12953
-1.1742153 1.3597227
-1.4737544 1.0042595
-1.3043916 1.3684705
-1.6041905 1.1587558
-1.3399754 1.3787768
-1.5869399 1.9051235
-1.4617903 1.8701096
-1.7791514 1.1454939
-1.4699858 1.3462101
-1.646126 1.0380766
-1.5727646 1.0942769
-1.4694525 1.4266162
-1.5395703 1.0733528

1.5498372 -1.5936748
1.0897737 -1.4104025
1.084568 -1.5767468
1.3384497 -1.8562853
1.0421547 -1.7130524
1.0556417 -1.9267334
1.1645713 -1.9566089
1.9513412 -1.3514327
1.8478581 -1.0826905
1.7938076 -1.098206
1.5992043 -1.5397487
1.0190537 -1.3489734
1.6037534 -1.2345684
1.1941274 -1.7343909
1.8147507 -1.8426013
1.9578229 -1.1218299
1.9196976 -1.3989205
1.7632385 -1.1400244
1.5498099 -1.4637622
1.9013109 -1.9368328
1.3613334 -1.5829903
1.2054288 -1.7842388
1.3476518 -1.7037928
1.9923339 -1.9388143
1.1248217 -1.1108997
1.5065612 -1.967371
1.5889946 -1.7130042
1.9983556 -1.4871575
1.5995191 -1.2816886
1.2212182 -1.9390634
1.940629 -1.3496939
1.4281472 -1.6513418
1.559554 -1.0184851
1.5094168 -1.9674212
1.2933468 -1.9079671
1.3218266 -1.7131467
1.1049879 -1.5012488
1.3672789 -1.4840068
1.5993983 -1.7545443
1.3798845 -1.3392069
1.8784521 -1.2906749
1.3285624 -1.7054722
1.1550032 -1.7484839
1.6830453 -1.0515103
1.9032098 -1.4221933
1.6342436 -1.3411485
1.8312838 -1.788687
1.68264 -1.0963838
1.4300101 -1.9949378
1.6182029 -1.7879176

