1.4853317 1.0319368
-1.964842 -1.5309477
1.8674681 1.5880487
-1.2022909 -1.8131226
-1.3199352 -1.3087924
-1.5148054 -1.6439964
-1.6665659 -1.9215925
1.2663538 1.5643119
-1.1991944 -1.550299
-1.0470366 -1.4278883
1.5469259 1.3484462
1.55269 1.8736573
-1.2128235 -1.2588439
-1.5842193 -1.2263213
-1.4974738 -1.179021
1.1339084 1.7571727
1.4957951 1.4348029
1.5182513 1.4589366
1.1350029 1.4391072
1.3610412 1.0992906
1.7109458 1.9538603
1.0735005 1.5141323
-1.1885071 -1.5833437
1.4265558 1.3439765
-1.0530709 -1.0276661
1.9942842 1.8133544
1.2826835 1.8064985
-1.8177762 -1.8205831
-1.1949462 -1.4955982
-1.6895577 -1.9029114
1.0487077 1.8854342
1.4004815 1.4570389
-1.1494282 -1.552447
-1.6621945 -1.3563637
1.0204949 1.4983883
-1.6234387 -1.989242
-1.9470637 -1.6301081
-1.3235183 -1.1882688
1.0954092 1.542714
1.0222192 1.139818
1.2168297 1.0091536
-1.4100314 -1.3872199
-1.2218546 -1.7363216
1.8756461 1.8951496
-1.5752926 -1.0524492
-1.8528618 -1.0333965
1.7411358 1.2446153
1.7085812 1.6684014
1.0128125 1.9290144
-1.7021565 -1.7340593
-1.1702737 -1.110433
1.6503736 1.0347947
-1.0211368 -1.242117
1.8771864 1.8271853
-1.2839642 -1.7682768
-1.0786809 -1.7418367
-1.6319768 -1.2891116
-1.4517472 -1.4815152
1.1225419 1.9059379
1.3083895 1.2987763
1.0032488 1.2227169
-1.0345414 -1.7388774
1.865262 1.6540443
1.0988078 1.8718224
-1.2370185 -1.5694283
1.251215 1.4379083
-1.8279543 -1.8957449
1.2112284 1.3500321
-1.6445745 -1.4095057
-1.6771431 -1.7254226
1.8151091 1.3570392
-1.982809 -1.42904
-1.7080711 -1.4317231
-1.8843931 -1.0266855
-1.78597 -1.4347444
1.8841567 1.6011188
1.2056087 1.637317
1.5124159 1.5413233
1.5137358 1.553461
-1.0401202 -1.1865289
-1.3971378 -1.0736002
-1.3779985 -1.8197693
1.3970547 1.5200752
-1.264707 -1.2731214
1.2379979 1.0270332
-1.3168478 -1.2102354
-1.808098 -1.4739834
-1.636524 -1.4279615
-1.8710955 -1.2155738
1.8590952 1.0343424
-1.7712961 -1.7725295
1.7335136 1.5252826
1.3484423 1.7521807
1.9580086 1.1976969
-1.1223007 -1.491297
-1.9839643 -1.8275893
-1.2129784 -1.582341
1.4962208 1.7851115
1.7976956 1.1550659
1.1108499 1.4749179
1.7172723 1.7217131
-1.4845886 -1.5965067
-1.3586074 -1.9483131
1.4433252 1.848733
-1.4796879 -1.3338144
-1.1229101 -1.0688064
-1.70498 -1.8329002
-1.3787581 -1.5819412
1.5616915 1.6315153
1.0655798 1.8227307
-1.0964662 -1.4192652
-1.7069113 -1.3512679
1.857378 1.2988147
1.4784749 1.813598
1.1250876 1.4006833
1.4480218 1.2922295
1.8182757 1.7715304
1.1996597 1.7589328
1.1638945 1.4994614
-1.3292335 -1.4749899
1.9668279 1.3673716
-1.1128445 -1.0664676
-1.5534201 -1.0236229
1.8202815 1.1616256
1.4213383 1.8104838
1.8392603 1.4515762
1.8653374 1.2261941
-1.298688 -1.3110199
1.293056 1.2838532
1.32085 1.3796122
1.2850581 1.9893236
1.4127424 1.1886882
-1.8636307 -1.6549759
-1.661568 -1.7947098
-1.0941921 -1.1498026
1.5780867 1.8499148
1.7607975 1.3487816
-1.4054842 -1.119881
1.2635703 1.9691656
-1.2578408 -1.9801737
-1.581435 -1.3788053
-1.9831885 -1.9197803
-1.5508401 -1.4735994
1.9071416 1.9612397
1.9614725 1.6351324
1.244235 1.6230049
-1.3392678 -1.7868959
-1.8585649 -1.065721
1.85192 1.6430523
-1.0594692 -1.0307404
1.71787 1.9194821
-1.8650885 -1.888466
-1.5718355 -1.9610709
1.0075812 1.6392996
-1.953383 -1.2191123
-1.108575 -1.7559487
1.1242517 1.5493953
-1.7163795 -1.1598121
1.4005384 1.9606755
1.7947484 1.6372254
1.2623714 1.2022185
-1.2141093 -1.1612178
-1.7597193 -1.3528876
1.17763 1.7034662
1.6695603 1.9090629
-1.0036407 -1.198272
-1.227736 -1.2736508
1.0219873 1.3201348
1.0892977 1.1956173
-1.7808342 -1.74793
1.9829056 1.1369097
1.8462168 1.1314921
-1.1589304 -1.792736
1.957665 1.2661405
-1.0616571 -1.1616035
1.1236316 1.4899296
-1.110587 -1.6437731
1.9230375 1.0272806
-1.6397853 -1.4118525
1.8488026 1.3447746
1.1621608 1.9533911
-1.0180442 -1.5567812
1.0610493 1.19715
-1.1156577 -1.9246633
-1.9584255 -1.6022289
1.6431972 1.0666676
-1.0729373 -1.5962988
-1.8673252 -1.5681604
1.9497575 1.6356815
-1.4080856 -1.8025875
-1.7022341 -1.6417035
1.7170637 1.741653
-1.2722683 -1.2962327
1.7918937 1.9093845
1.2089082 1.2086796
1.9593725 1.2865579
-1.9149694 -1.0755545
1.3842669 1.815038
-1.5648199 -1.7989447
-1.54471 -1.9193093
