-1.0457851 1.8791251
-1.8789035 1.5406418
1.9555333 -1.7915165
-1.3623567 1.5183609
1.7289 -1.7524775
-1.0935042 1.9774042
1.1395614 -1.7015784
-1.7707213 1.9579347
1.5654507 -1.807449
1.9848133 -1.8215764
-1.6679548 1.659812
1.9568552 -1.6020766
-1.9887551 1.524598
-1.3693242 1.4908798
-1.0376914 1.7888521
-1.0026261 1.5648807
-1.5823431 1.0368638
-1.4107529 1.5850018
-1.9357247 1.7269813
1.5106372 -1.8857633
1.2594279 -1.7510579
1.9382246 -1.444624
1.2073623 -1.418317
-1.2403247 1.1271288
-1.1394548 1.9604703
-1.1836292 1.0109988
1.1934052 -1.3662062
1.1729251 -1.0266325
-1.9146249 1.6594774
1.9223124 -1.5406379
1.4363412 -1.8383627
-1.5855598 1.381796
-1.145599 1.2319875
-1.4532853 1.5486877
1.9762266 -1.9982678
-1.918873 1.0647714
1.2165935 -1.8251866
-1.1566865 1.5842843
-1.1655374 1.202956
1.9512593 -1.6046379
1.7723453 -1.2993848
1.825963 -1.265896
-1.0961592 1.451938
1.0229924 -1.7715693
1.5698303 -1.860851
-1.2549137 1.2852948
1.6073655 -1.4513005
-1.4893091 1.9368596
1.5923043 -1.2777729
-1.7608056 1.9731321
1.3824902 -1.8783023
1.7523766 -1.4884822
-1.2631395 1.3755032
1.1558051 -1.2669376
1.8898894 -1.9211547
1.5852035 -1.3830018
-1.1321545 1.1584613
1.6200616 -1.4087272
1.0039924 -1.712798
1.831537 -1.737442
1.1903726 -1.0039666
1.2988113 -1.8481402
-1.5851343 1.0815414
-1.6446913 1.048742
-1.8085614 1.1429895
-1.7157658 1.5365202
1.9060116 -1.9018087
1.2833234 -1.3931245
1.6864413 -1.9680858
1.4139796 -1.1041317
-1.6786458 1.7562332
-1.0682919 1.6065811
1.2308484 -1.2010827
1.2482945 -1.9592954
-1.7618656 1.9954108
-1.9322143 1.9200026
1.6726326 -1.3975431
1.0722044 -1.5970917
-1.8365557 1.4055796
1.1598488 -1.6087819
-1.973993 1.2922509
-1.4934281 1.2366151
1.4003054 -1.33229
1.6977068 -1.7197434
1.6402948 -1.477104
1.5452778 -1.173023
1.0887959 -1.6186835
-1.8038931 1.6973741
1.7827935 -1.8027898
-1.0456429 1.6532618
-1.5503255 1.6059701
1.054167 -1.0071976
1.8114245 -1.675959
-1.608156 1.2427589
1.9452975 -1.3364784
1.3893036 -1.7543584
-1.3052698 1.331725
1.0807143 -1.3459423
1.2911903 -1.9690745
-1.905708 1.33582
1.5124716 -1.2921962
1.3089284 -1.6096467
1.1218256 -1.0224837
-1.0603685 1.1795132
-1.9334552 1.5992608
-1.757114 1.6690444
1.5004699 -1.1779587
1.611515 -1.4968424
1.7526292 -1.864029
-1.3029947 1.2560481
1.7041979 -1.0638657
1.3094484 -1.8868248
-1.195551 1.8102908
-1.3440592 1.4502314
1.9387465 -1.7463914
-1.2363538 1.8180201
1.0363923 -1.303311
1.2387874 -1.4773967
1.2055535 -1.7062116
-1.6134304 1.8167425
1.7301086 -1.8553616
1.7155178 -1.6262203
-1.9137298 1.9802728
1.8122355 -1.1643361
-1.3658162 1.6900487
-1.8408604 1.288535
1.5565625 -1.0023543
1.5276668 -1.8518717
-1.8747764 1.302262
1.2184918 -1.5851438
-1.845291 1.8179415
-1.2151248 1.2066532
1.3058088 -1.5172565
1.5758505 -1.3745776
-1.3167311 1.9592557
-1.5585637 1.4842823
1.1383227 -1.0934651
-1.9916896 1.748122
1.9210584 -1.4039323
1.037879 -1.4134954
1.3551446 -1.2777508
1.8069674 -1.7891595
-1.9368892 1.9807678
1.44202 -1.3247361
1.0017751 -1.2723433
1.7993113 -1.266001
-1.386286 1.3538275
-1.3834856 1.8679104
-1.76242 1.5809691
-1.3540303 1.5576994
-1.9433377 1.5851389
-1.80169 1.1540622
-1.6779747 1.3736663
1.1571426 -1.0149868
-1.0177697 1.3221921
-1.6960816 1.862335
-1.9643052 1.8190441
1.9901298 -1.2968858
1.7795312 -1.5459523
-1.324081 1.2524517
-1.6083435 1.4268229
1.8869544 -1.89956
1.1358856 -1.7804036
-1.0629404 1.5184807
-1.4959769 1.3989247
-1.1737865 1.5416176
-1.305593 1.7936366
1.3647735 -1.6211991
1.2584745 -1.1864427
-1.1332269 1.237821
1.159355 -1.095114
-1.5844268 1.1976277
-1.1170889 1.6892577
-1.4593459 1.7706465
-1.8652942 1.8367964
-1.329951 1.2077243
1.4186654 -1.1970739
-1.0068405 1.5197548
-1.170363 1.8252604
-1.5250208 1.7494013
1.7974294 -1.5896305
1.7185905 -1.8273163
1.9527707 -1.1120043
-1.8631465 1.1198317
1.2450087 -1.4043438
-1.8925698 1.3732556
1.8036908 -1.6914656
1.5173798 -1.9353201
-1.3042781 1.7044684
1.2383833 -1.8890296
-1.3852643 1.2549124
-1.6223078 1.170999
-1.793714 1.2521352
-1.6937704 1.8068619
-1.0658256 1.0446794
1.5559381 -1.8196428
-1.3510962 1.3674368
1.3455685 -1.5763708
-1.8761201 1.3633617
-1.8941624 1.0189627
