1.3008606 -1.869832
1.3260071 -1.1540465
1.9922206 -1.1873661
1.2621064 1.1027526
1.6313272 -1.4005489
1.965603 -1.249702
1.5965929 -1.9915895
1.9556588 -1.1126394
1.4837865 1.9037485
1.3737371 -1.123489
1.9836347 -1.2074811
1.9942166 1.6933507
1.4401512 -1.8712096
1.8351518 1.3850019
1.5734204 1.5286471
1.6680611 -1.6311477
1.2508892 -1.0922487
1.6347232 1.8443948
1.4376749 -1.7794036
1.9283252 -1.2332251
1.2128608 -1.6715438
1.4030735 -1.4658146
1.6986258 -1.0789825
1.3670748 -1.7022586
1.5167935 -1.6134623
1.2696794 -1.9279817
1.0962625 1.492534
1.3407542 1.3077158
1.8770919 1.6482031
1.7447225 1.2304939
1.0818359 -1.2527195
1.019865 1.0533855
1.5118121 1.8832587
1.5238223 1.2058764
1.091918 1.5517573
1.9250973 -1.9879854
1.2407422 1.624035
1.3953068 -1.6445745
1.5706143 1.2762017
1.9672092 1.2918594
1.8416543 1.9678184
1.3037605 -1.3143023
1.0713799 -1.3923107
1.6026365 -1.3750527
1.0428511 1.4547808
1.4011978 -1.544484
1.7581328 1.1571113
1.9480935 -1.3731685
1.8916544 -1.6784875
1.7657119 -1.2986062
1.1333969 1.7528203
1.0705944 1.4633107
1.2442883 1.9799205
1.3988551 1.3702188
1.5264863 1.7569014
1.4916219 1.0854537
1.0015451 1.6491714
1.3454461 1.0948335
1.4415153 -1.6339142
1.7670058 1.0529813
1.0004424 1.6694087
1.1532598 -1.2013023
1.0071384 1.6443956
1.043896 1.5026455
1.9050416 -1.2968023
1.7525477 1.6781874
1.2029971 -1.6085519
1.2569942 1.4862379
1.4797854 1.5643257
1.6490452 1.5551736
1.0511528 1.9599129
1.7808412 -1.5422922
1.2587241 1.8134546
1.6637765 -1.9873717
1.088977 -1.6040379
1.0615422 -1.0602212
1.1063247 1.6433222
1.3899174 1.3010116
1.5705569 1.3725611
1.1343017 1.795901
1.0910385 -1.3971131
1.3056377 -1.1236029
1.7459626 -1.814389
1.7255728 -1.6536411
1.9415263 -1.2502258
1.0865985 -1.8015369
1.5663986 1.5093458
1.8715934 -1.5087163
1.7633566 1.5527579
1.0526679 1.1951911
1.3599776 -1.6189098
1.0410146 1.7694193
1.5691184 1.1261613
1.4643916 1.4513615
1.8002127 1.144615
1.139798 1.8863548
1.1032989 -1.1073651
1.0856138 -1.0452646
1.5307877 -1.9457953
1.9814304 -1.6863136
