-1.9805399 1.463939
-1.490308 1.7380284
-1.3527181 1.6006765
-1.0198183 -1.7961371
-1.7540655 1.3490764
-1.3809716 1.4528172
-1.1008986 -1.042978
-1.0399007 1.9059901
-1.9822896 1.6357989
-1.3110639 -1.2455664
-1.8990179 1.7832439
-1.1906093 -1.2523396
-1.2003613 -1.7469121
-1.864354 1.6447413
-1.3461016 -1.0487945
-1.0293028 1.7360443
-1.4727331 1.8545297
-1.0705059 1.7624089
-1.5469612 -1.4481047
-1.7858671 -1.4150684
-1.0263485 -1.1090962
-1.1293718 -1.554037
-1.0418248 1.625868
-1.0971814 -1.1461562
-1.5036502 1.8661455
-1.3992139 -1.4096613
-1.991781 1.635758
-1.9600455 1.6598704
-1.863133 -1.1562574
-1.7811852 1.7933754
-1.5362823 -1.8115755
-1.783152 -1.3234789
-1.6512926 1.2649794
-1.0351274 1.8241467
-1.2433088 1.4994648
-1.1050757 -1.2253807
-1.1753652 1.1903863
-1.66744 1.0301819
-1.0944371 -1.2300272
-1.08295 1.1414517
-1.9452733 -1.8626951
-1.2096167 -1.5809375
-1.4944575 -1.1691979
-1.3499614 1.5165708
-1.0022329 -1.3706282
-1.8770866 -1.1613814
-1.6679759 1.8995256
-1.9329745 -1.3419056
-1.9357294 1.241995
-1.2256753 1.4483786
-1.4085999 1.399223
-1.6716182 1.5381235
-1.4971094 -1.5666158
-1.8500912 -1.6216462
-1.7959317 1.4651647
-1.0544076 1.1644228
-1.829244 1.0222074
-1.6499039 -1.9263163
-1.5788176 1.2670785
-1.5953093 -1.8080652
-1.8586435 -1.0050038
-1.5718789 -1.8566581
-1.196936 1.4581133
-1.2095492 -1.2032156
-1.753998 1.2659127
-1.9018371 -1.7401075
-1.1899801 1.3108552
-1.9549279 -1.3427007
-1.2257515 -1.0573541
-1.8790796 1.1017075
-1.7393501 1.1867919
-1.6725792 -1.0353218
-1.4188327 1.3099029
-1.960858 -1.5281957
-1.5946753 1.4307038
-1.9312154 -1.1803205
-1.967942 1.2909622
-1.1716422 1.7071356
-1.8358369 1.4367591
-1.8892211 -1.2381301
-1.8287778 -1.6759452
-1.8439109 1.0975122
-1.423411 -1.207342
-1.0659043 -1.9447706
-1.0519418 -1.8161097
-1.891966 -1.8846031
-1.8002093 1.0206324
-1.9385769 -1.0623038
-1.7272254 1.0315562
-1.4619688 -1.3541408
-1.9285718 -1.2496403
-1.59508 -1.8989626
-1.3526795 -1.8701266
-1.4670981 1.0661327
-1.5731003 1.7795677
-1.5272055 -1.3738571
-1.1248782 -1.9135268
-1.3472649 1.7521502
-1.0355299 -1.0852661
-1.200436 1.0286118
